1 0.946875 0.1484375 0.021875 0.0390625
1 0.86875 0.090625 0.0265625 0.05
1 0.871875 0.19609375 0.0265625 0.046875
1 0.95 0.228125 0.0234375 0.0421875
1 0.9515625 0.30390625 0.0234375 0.0390625
1 0.9546875 0.4109375 0.028125 0.046875
1 0.9109375 0.42265625 0.021875 0.0375
1 0.9578125 0.56953125 0.021875 0.0390625
1 0.903125 0.74375 0.021875 0.0375
1 0.93125 0.81875 0.021875 0.0390625
1 0.8296875 0.90234375 0.0359375 0.0578125
1 0.75390625 0.859375 0.0328125 0.0578125
1 0.6640625 0.8640625 0.0328125 0.05625
1 0.3046875 0.66015625 0.03125 0.084375
1 0.4609375 0.6171875 0.03125 0.053125
1 0.5546875 0.6171875 0.0296875 0.05625
1 0.553125 0.39140625 0.03125 0.053125
1 0.4578125 0.39296875 0.03125 0.053125
1 0.3046875 0.46328125 0.03125 0.0765625
1 0.36875 0.19140625 0.03125 0.059375
1 0.55625 0.1828125 0.03125 0.05625