1 0.18671875 0.81171875 0.025 0.0359375
1 0.434375 0.86953125 0.0234375 0.0359375
1 0.52265625 0.81796875 0.0296875 0.0359375
1 0.428125 0.59609375 0.025 0.034375
1 0.59375 0.4765625 0.0203125 0.0421875
1 0.928125 0.3796875 0.0234375 0.04375
1 0.65234375 0.13125 0.0234375 0.046875
1 0.421875 0.153125 0.0203125 0.0359375
1 0.4234375 0.2359375 0.028125 0.04375
1 0.3 0.3375 0.0203125 0.0359375
1 0.04765625 0.4875 0.0203125 0.05
1 0.05390625 0.715625 0.025 0.046875
1 0.078125 0.13984375 0.01875 0.0359375