1 0.56796875 0.7921875 0.0328125 0.04375
1 0.5703125 0.70234375 0.0265625 0.046875
1 0.51875 0.5765625 0.0203125 0.0421875
1 0.39375 0.56953125 0.0265625 0.0359375
1 0.159375 0.79609375 0.0296875 0.0421875
1 0.38828125 0.325 0.0265625 0.0390625
1 0.3484375 0.12578125 0.0265625 0.053125
1 0.25546875 0.13046875 0.0328125 0.046875
1 0.51171875 0.15234375 0.021875 0.0421875
1 0.54375 0.328125 0.0265625 0.0421875
1 0.659375 0.075 0.034375 0.046875
1 0.809375 0.1328125 0.0234375 0.034375
1 0.9234375 0.3453125 0.0234375 0.0390625
1 0.821875 0.5921875 0.0265625 0.04375
1 0.8875 0.72734375 0.025 0.0546875