2 0.31640625 0.3875 0.0703125 0.071875
2 0.3921875 0.3859375 0.05 0.071875
2 0.46796875 0.38203125 0.0578125 0.0703125
2 0.54296875 0.38515625 0.0578125 0.0671875
2 0.621875 0.38828125 0.05 0.0671875
2 0.69453125 0.3828125 0.0515625 0.071875
2 0.69765625 0.46171875 0.0671875 0.0640625
2 0.61875 0.4640625 0.0625 0.065625
2 0.5421875 0.46796875 0.046875 0.0765625
2 0.46484375 0.46015625 0.0609375 0.0765625
2 0.38984375 0.46640625 0.0609375 0.0703125
2 0.31015625 0.4640625 0.0609375 0.06875
2 0.23515625 0.46328125 0.0609375 0.0765625