2 0.69765625 0.60703125 0.0765625 0.078125
2 0.615625 0.60859375 0.0546875 0.078125
2 0.5328125 0.6125 0.0625 0.0765625
2 0.4515625 0.609375 0.0625 0.0734375
2 0.36640625 0.60625 0.0546875 0.0734375
2 0.2875 0.61171875 0.05625 0.078125
2 0.28359375 0.5265625 0.0734375 0.0703125
2 0.36953125 0.5234375 0.0671875 0.071875
2 0.45234375 0.51953125 0.0515625 0.0828125
2 0.53671875 0.528125 0.0671875 0.0828125
2 0.61796875 0.52109375 0.0671875 0.0765625
2 0.70390625 0.5234375 0.0671875 0.075
2 0.7859375 0.52421875 0.0671875 0.0828125