2 0.18828125 0.89140625 0.0640625 0.0828125
2 0.346875 0.89765625 0.09375 0.0890625
2 0.3234375 0.42890625 0.078125 0.0828125
2 0.44140625 0.44140625 0.0859375 0.0859375
2 0.18046875 0.36640625 0.0984375 0.0921875
2 0.17578125 0.2203125 0.0890625 0.08125
2 0.17890625 0.09375 0.0921875 0.090625
2 0.62109375 0.2765625 0.0890625 0.078125
2 0.74296875 0.27734375 0.0828125 0.0921875
2 0.659375 0.73359375 0.0625 0.0578125
2 0.73828125 0.73046875 0.0640625 0.0671875
2 0.8953125 0.1390625 0.1125 0.115625