2 0.07734375 0.3375 0.1 0.1046875
2 0.07890625 0.4828125 0.103125 0.1
2 0.08359375 0.74609375 0.1046875 0.1109375
2 0.08359375 0.93359375 0.1125 0.1125
2 0.24453125 0.92890625 0.1125 0.1046875
2 0.2484375 0.74609375 0.109375 0.1171875
2 0.309375 0.3390625 0.1 0.11875
2 0.41640625 0.03125 0.0984375 0.0625
2 0.6859375 0.184375 0.1 0.0953125
2 0.6859375 0.3421875 0.09375 0.0890625
2 0.81171875 0.04296875 0.075 0.06875
2 0.86953125 0.01171875 0.0765625 0.0234375
2 0.90625 0.49453125 0.11875 0.128125
2 0.9015625 0.74375 0.0984375 0.103125
2 0.9046875 0.93203125 0.1265625 0.11875