2 0.27421875 0.1328125 0.0734375 0.0625
2 0.26796875 0.20390625 0.0671875 0.0671875
2 0.2671875 0.3421875 0.075 0.0625
2 0.2671875 0.41953125 0.065625 0.0484375
2 0.26796875 0.48359375 0.0671875 0.0546875
2 0.26875 0.55703125 0.0625 0.0578125
2 0.265625 0.628125 0.06875 0.05
2 0.26484375 0.69921875 0.0609375 0.0515625
2 0.2640625 0.771875 0.071875 0.059375
2 0.34140625 0.76953125 0.0671875 0.0609375
2 0.3453125 0.69765625 0.06875 0.0578125
2 0.33984375 0.6234375 0.0640625 0.053125
2 0.34453125 0.55234375 0.0640625 0.0578125
2 0.346875 0.41015625 0.065625 0.0546875
2 0.34140625 0.33984375 0.0640625 0.0546875
2 0.34453125 0.27109375 0.0609375 0.0515625
2 0.34453125 0.2015625 0.0515625 0.053125
2 0.3515625 0.1296875 0.06875 0.059375