2 0.27578125 0.8765625 0.0765625 0.0640625
2 0.26953125 0.803125 0.06875 0.06875
2 0.26875 0.6609375 0.078125 0.0640625
2 0.26875 0.58125 0.0671875 0.05
2 0.26953125 0.515625 0.06875 0.05625
2 0.2703125 0.43984375 0.0640625 0.059375
2 0.2671875 0.36640625 0.071875 0.0515625
2 0.26640625 0.29375 0.0625 0.053125
2 0.265625 0.21875 0.075 0.0609375
2 0.34453125 0.22109375 0.06875 0.0625
2 0.34921875 0.2953125 0.0703125 0.059375
2 0.34296875 0.37109375 0.065625 0.0546875
2 0.3484375 0.44453125 0.065625 0.059375
2 0.35078125 0.590625 0.0671875 0.05625
2 0.34453125 0.66328125 0.065625 0.05625
2 0.3484375 0.73359375 0.0625 0.053125
2 0.3484375 0.80546875 0.053125 0.0546875
2 0.35546875 0.8796875 0.071875 0.0609375