2 0.37578125 0.2390625 0.0609375 0.0765625
2 0.28671875 0.315625 0.0625 0.0796875
2 0.37109375 0.3234375 0.0546875 0.06875
2 0.4546875 0.240625 0.0625 0.0640625
2 0.45234375 0.31796875 0.0578125 0.0640625
2 0.534375 0.24453125 0.0625 0.0734375
2 0.53046875 0.3265625 0.0625 0.0625
2 0.61484375 0.24140625 0.059375 0.08125
2 0.6140625 0.32109375 0.0625 0.0703125
2 0.69609375 0.2421875 0.059375 0.0734375
2 0.6890625 0.321875 0.0703125 0.0765625
2 0.775 0.24140625 0.071875 0.08125
2 0.7765625 0.32421875 0.065625 0.0765625