2 0.40078125 0.27109375 0.059375 0.075
2 0.3140625 0.34609375 0.059375 0.078125
2 0.396875 0.353125 0.0546875 0.0671875
2 0.478125 0.27265625 0.059375 0.0625
2 0.4765625 0.3484375 0.0578125 0.0625
2 0.55625 0.27578125 0.0609375 0.071875
2 0.553125 0.35625 0.0609375 0.0609375
2 0.634375 0.2734375 0.059375 0.0796875
2 0.63359375 0.3515625 0.0609375 0.0703125
2 0.7140625 0.27421875 0.059375 0.071875
2 0.7078125 0.35234375 0.06875 0.075
2 0.79140625 0.2734375 0.0703125 0.0796875
2 0.79296875 0.35390625 0.0640625 0.075