2 0.62421875 0.2390625 0.0609375 0.0765625
2 0.71328125 0.315625 0.0625 0.0796875
2 0.62890625 0.3234375 0.0546875 0.06875
2 0.5453125 0.240625 0.0625 0.0640625
2 0.54765625 0.31796875 0.0578125 0.0640625
2 0.465625 0.24453125 0.0625 0.0734375
2 0.46953125 0.3265625 0.0625 0.0625
2 0.38515625 0.24140625 0.059375 0.08125
2 0.3859375 0.32109375 0.0625 0.0703125
2 0.30390625 0.2421875 0.059375 0.0734375
2 0.3109375 0.321875 0.0703125 0.0765625
2 0.225 0.24140625 0.071875 0.08125
2 0.2234375 0.32421875 0.065625 0.0765625