2 0.725 0.3875 0.071875 0.05625
2 0.653125 0.30390625 0.075 0.0578125
2 0.64609375 0.38359375 0.0640625 0.0515625
2 0.7234375 0.46171875 0.059375 0.0578125
2 0.65078125 0.46015625 0.0609375 0.0546875
2 0.7203125 0.53671875 0.06875 0.0578125
2 0.64296875 0.53359375 0.0578125 0.0578125
2 0.72265625 0.6125 0.0765625 0.05625
2 0.64765625 0.61171875 0.0671875 0.0578125
2 0.721875 0.6890625 0.06875 0.05625
2 0.646875 0.6828125 0.071875 0.065625
2 0.72265625 0.76328125 0.0765625 0.0671875
2 0.6453125 0.76484375 0.071875 0.0609375