2 0.065625 0.48046875 0.04375 0.0828125
2 0.17265625 0.4765625 0.0453125 0.065625
2 0.12734375 0.4828125 0.0515625 0.0875
2 0.23515625 0.4796875 0.0421875 0.075
2 0.29296875 0.4828125 0.0390625 0.084375
2 0.34296875 0.48515625 0.0609375 0.0796875
2 0.39453125 0.48828125 0.0515625 0.0859375
2 0.45234375 0.4921875 0.0578125 0.075
2 0.50625 0.49453125 0.04375 0.0796875
2 0.5609375 0.484375 0.05 0.090625
2 0.6125 0.4828125 0.059375 0.084375
2 0.6625 0.4828125 0.0625 0.0875
2 0.72265625 0.4875 0.0421875 0.09375
2 0.834375 0.4796875 0.059375 0.071875
2 0.9453125 0.48359375 0.05625 0.0703125