2 0.51328125 0.94609375 0.084375 0.0453125
2 0.5171875 0.8375 0.0671875 0.046875
2 0.5109375 0.88359375 0.0890625 0.053125
2 0.5140625 0.7734375 0.0765625 0.04375
2 0.5109375 0.71484375 0.0859375 0.040625
2 0.50859375 0.6640625 0.08125 0.0625
2 0.50546875 0.61171875 0.0875 0.0515625
2 0.5015625 0.553125 0.0765625 0.059375
2 0.49921875 0.4984375 0.08125 0.04375
2 0.509375 0.44296875 0.0921875 0.0515625
2 0.5109375 0.390625 0.0859375 0.0609375
2 0.5109375 0.33984375 0.0890625 0.0640625
2 0.50625 0.27890625 0.0953125 0.04375
2 0.5140625 0.16484375 0.0734375 0.0609375
2 0.51015625 0.05234375 0.071875 0.0578125