2 0.934375 0.48046875 0.04375 0.0828125
2 0.82734375 0.4765625 0.0453125 0.065625
2 0.87265625 0.4828125 0.0515625 0.0875
2 0.76484375 0.4796875 0.0421875 0.075
2 0.70703125 0.4828125 0.0390625 0.084375
2 0.65703125 0.48515625 0.0609375 0.0796875
2 0.60546875 0.48828125 0.0515625 0.0859375
2 0.54765625 0.4921875 0.0578125 0.075
2 0.49375 0.49453125 0.04375 0.0796875
2 0.4390625 0.484375 0.05 0.090625
2 0.3875 0.4828125 0.059375 0.084375
2 0.3375 0.4828125 0.0625 0.0875
2 0.27734375 0.4875 0.0421875 0.09375
2 0.165625 0.4796875 0.059375 0.071875
2 0.0546875 0.48359375 0.05625 0.0703125