2 0.59453125 0.9546875 0.0890625 0.0609375
2 0.59296875 0.8421875 0.0734375 0.0453125
2 0.58359375 0.78359375 0.09375 0.0453125
2 0.58359375 0.72578125 0.09375 0.0515625
2 0.575 0.66796875 0.0984375 0.0453125
2 0.5828125 0.61484375 0.0828125 0.0546875
2 0.58359375 0.553125 0.0828125 0.0546875
2 0.58515625 0.4421875 0.0859375 0.0546875
2 0.5859375 0.38359375 0.0828125 0.0609375
2 0.571875 0.31875 0.0828125 0.05
2 0.58046875 0.49765625 0.0828125 0.040625
2 0.58671875 0.26796875 0.0828125 0.0515625
2 0.5890625 0.15859375 0.090625 0.059375
2 0.58984375 0.046875 0.0859375 0.0578125