2 0.4234375 0.0453125 0.0890625 0.0609375
2 0.425 0.1578125 0.0734375 0.0453125
2 0.43359375 0.21640625 0.09375 0.0453125
2 0.43359375 0.27421875 0.09375 0.0515625
2 0.44296875 0.33203125 0.0984375 0.0453125
2 0.434375 0.38515625 0.0828125 0.0546875
2 0.43359375 0.446875 0.084375 0.0546875
2 0.43203125 0.5578125 0.0875 0.0546875
2 0.43125 0.61640625 0.0828125 0.0609375
2 0.44609375 0.68125 0.0828125 0.05
2 0.43671875 0.50234375 0.0828125 0.040625
2 0.43046875 0.73203125 0.0828125 0.0515625
2 0.42890625 0.84140625 0.090625 0.059375
2 0.428125 0.953125 0.0859375 0.0578125