2 0.47890625 0.93671875 0.0703125 0.0609375
2 0.48125 0.81796875 0.0875 0.0578125
2 0.48046875 0.77265625 0.0765625 0.0609375
2 0.478125 0.71484375 0.084375 0.0578125
2 0.478125 0.65703125 0.065625 0.0734375
2 0.478125 0.6046875 0.071875 0.053125
2 0.4765625 0.54765625 0.084375 0.0578125
2 0.471875 0.490625 0.084375 0.0625
2 0.47734375 0.43828125 0.0765625 0.0671875
2 0.48046875 0.38671875 0.0796875 0.0578125
2 0.4734375 0.32578125 0.08125 0.0671875
2 0.4796875 0.27421875 0.071875 0.0578125
2 0.47890625 0.16171875 0.0890625 0.0671875
2 0.48203125 0.053125 0.0859375 0.059375