2 0.47578125 0.9390625 0.0703125 0.0625
2 0.478125 0.81875 0.0890625 0.059375
2 0.47734375 0.77265625 0.078125 0.0625
2 0.475 0.7140625 0.0859375 0.059375
2 0.475 0.65546875 0.0671875 0.075
2 0.475 0.603125 0.0734375 0.0546875
2 0.4734375 0.5453125 0.0859375 0.059375
2 0.46796875 0.4875 0.0859375 0.0640625
2 0.47421875 0.434375 0.078125 0.06875
2 0.47734375 0.38203125 0.08125 0.059375
2 0.4703125 0.3203125 0.0828125 0.06875
2 0.4765625 0.26796875 0.0734375 0.059375
2 0.47578125 0.15390625 0.090625 0.0671875
2 0.47890625 0.04453125 0.0875 0.0609375