2 0.58203125 0.94296875 0.0609375 0.0484375
2 0.578125 0.8859375 0.06875 0.05
2 0.58203125 0.82890625 0.0703125 0.0453125
2 0.5828125 0.7734375 0.0875 0.0625
2 0.58671875 0.7171875 0.0828125 0.053125
2 0.58125 0.65859375 0.078125 0.0484375
2 0.5859375 0.60234375 0.08125 0.0578125
2 0.58671875 0.55 0.0796875 0.046875
2 0.5859375 0.503125 0.071875 0.05
2 0.584375 0.44765625 0.078125 0.0578125
2 0.58671875 0.39296875 0.0828125 0.0515625
2 0.58046875 0.3328125 0.0796875 0.053125
2 0.584375 0.27421875 0.09375 0.0578125
2 0.58671875 0.1671875 0.0796875 0.04375
2 0.5796875 0.0609375 0.065625 0.04375