2 0.01953125 0.61640625 0.0390625 0.0921875
2 0.07265625 0.6203125 0.0625 0.0828125
2 0.13515625 0.6171875 0.053125 0.0984375
2 0.196875 0.615625 0.059375 0.090625
2 0.25234375 0.6125 0.0484375 0.1015625
2 0.31015625 0.60703125 0.0640625 0.10625
2 0.37109375 0.6015625 0.05 0.109375
2 0.43046875 0.61015625 0.0515625 0.1125
2 0.49140625 0.60546875 0.0609375 0.1046875
2 0.546875 0.6125 0.0703125 0.1046875
2 0.6015625 0.60703125 0.059375 0.10625
2 0.6671875 0.60703125 0.059375 0.1015625
2 0.7234375 0.60546875 0.05 0.1015625
2 0.840625 0.6171875 0.053125 0.078125
2 0.95703125 0.609375 0.05625 0.0984375