2 0.59765625 0.94375 0.0859375 0.05625
2 0.60078125 0.88359375 0.0765625 0.0578125
2 0.5984375 0.82578125 0.090625 0.0484375
2 0.596875 0.76796875 0.084375 0.0546875
2 0.59375 0.71640625 0.09375 0.0453125
2 0.5890625 0.6625 0.1 0.059375
2 0.58359375 0.60625 0.1015625 0.046875
2 0.59140625 0.55078125 0.1046875 0.0484375
2 0.5875 0.49375 0.096875 0.05625
2 0.59375 0.4421875 0.096875 0.065625
2 0.5890625 0.39140625 0.1 0.0546875
2 0.5890625 0.33046875 0.09375 0.0546875
2 0.5875 0.278125 0.09375 0.046875
2 0.5984375 0.16875 0.071875 0.05
2 0.590625 0.06015625 0.090625 0.0515625