2 0.05625 0.40234375 0.05625 0.0859375
2 0.11640625 0.39921875 0.0578125 0.0765625
2 0.17421875 0.4015625 0.0484375 0.090625
2 0.23203125 0.403125 0.0546875 0.084375
2 0.28359375 0.40625 0.0453125 0.09375
2 0.3375 0.4109375 0.059375 0.1
2 0.39375 0.41640625 0.046875 0.1015625
2 0.44921875 0.40859375 0.0484375 0.1046875
2 0.50625 0.4125 0.05625 0.096875
2 0.5578125 0.40625 0.065625 0.096875
2 0.60859375 0.4109375 0.0546875 0.1
2 0.66953125 0.4109375 0.0546875 0.09375
2 0.721875 0.4125 0.046875 0.09375
2 0.83125 0.4015625 0.05 0.071875
2 0.93984375 0.409375 0.0515625 0.090625