6 0.3528393351800554 0.3328125 0.022853185595567867 0.042708333333333334
6 0.24168975069252077 0.5520833333333334 0.01662049861495845 0.027083333333333334
6 0.062326869806094184 0.7151041666666667 0.023545706371191136 0.03854166666666667
6 0.9480609418282548 0.9270833333333334 0.01662049861495845 0.0375
6 0.5595567867036011 0.9796875 0.01662049861495845 0.03854166666666667
6 0.9487534626038782 0.28489583333333335 0.0110803324099723 0.036458333333333336
6 0.6842105263157895 0.265625 0.015235457063711912 0.01875
6 0.6204986149584487 0.4515625 0.0110803324099723 0.021875
6 0.7430747922437673 0.29739583333333336 0.018005540166204988 0.03229166666666667
6 0.4619113573407202 0.1453125 0.012465373961218837 0.023958333333333335
6 0.5204293628808865 0.20885416666666667 0.011772853185595568 0.021875
6 0.9823407202216067 0.0734375 0.02146814404432133 0.065625
6 0.5197368421052632 0.7515625 0.01592797783933518 0.026041666666666668
6 0.7738919667590027 0.7078125 0.01592797783933518 0.023958333333333335
6 0.9193213296398892 0.6046875 0.018698060941828253 0.021875
6 0.41066481994459836 0.4244791666666667 0.012465373961218837 0.03229166666666667
6 0.4809556786703601 0.7765625 0.011772853185595568 0.023958333333333335