6 0.26835180055401664 0.41302083333333334 0.02008310249307479 0.030208333333333334
6 0.33933518005540164 0.5234375 0.015235457063711912 0.028125
6 0.3344875346260388 0.12291666666666666 0.02077562326869806 0.03958333333333333
6 0.692174515235457 0.096875 0.027008310249307478 0.027083333333333334
6 0.9310941828254847 0.15885416666666666 0.02008310249307479 0.021875
6 0.8881578947368421 0.14583333333333334 0.01592797783933518 0.020833333333333332
6 0.8947368421052632 0.18645833333333334 0.009695290858725761 0.020833333333333332
6 0.743421052631579 0.6239583333333333 0.018698060941828253 0.020833333333333332
6 0.7403047091412742 0.6557291666666667 0.0110803324099723 0.021875
6 0.8414127423822715 0.6234375 0.015235457063711912 0.019791666666666666
6 0.9750692520775623 0.4947916666666667 0.012465373961218837 0.025
6 0.9840720221606648 0.5609375 0.023545706371191136 0.06770833333333333
6 0.9556786703601108 0.9083333333333333 0.0110803324099723 0.029166666666666667
6 0.9570637119113573 0.859375 0.02077562326869806 0.029166666666666667
6 0.6488919667590027 0.3734375 0.015235457063711912 0.023958333333333335