6 0.6852493074792244 0.325 0.01731301939058172 0.04583333333333333
6 0.7828947368421053 0.6661458333333333 0.011772853185595568 0.036458333333333336
6 0.9632963988919667 0.9505208333333334 0.02077562326869806 0.04479166666666667
6 0.44321329639889195 0.834375 0.008310249307479225 0.027083333333333334
6 0.16378116343490304 0.6822916666666666 0.01038781163434903 0.01875
6 0.014196675900277008 0.490625 0.011772853185595568 0.020833333333333332
6 0.25450138504155123 0.1359375 0.022853185595567867 0.03854166666666667
6 0.32271468144044324 0.1140625 0.012465373961218837 0.030208333333333334
6 0.5131578947368421 0.09322916666666667 0.015235457063711912 0.028125
6 0.5886426592797784 0.034895833333333334 0.0110803324099723 0.026041666666666668
6 0.5086565096952909 0.13645833333333332 0.009002770083102494 0.01875
6 0.3545706371191136 0.075 0.0221606648199446 0.020833333333333332
6 0.37257617728531855 0.39166666666666666 0.013850415512465374 0.029166666666666667
6 0.023545706371191136 0.04375 0.02077562326869806 0.04583333333333333