6 0.586218836565097 0.2953125 0.022853185595567867 0.042708333333333334
6 0.6890581717451524 0.490625 0.015235457063711912 0.027083333333333334
6 0.8549168975069252 0.6369791666666667 0.02008310249307479 0.036458333333333336
6 0.09868421052631579 0.3015625 0.018698060941828253 0.030208333333333334
6 0.11738227146814405 0.55625 0.027008310249307478 0.0375
6 0.20533240997229918 0.5489583333333333 0.018698060941828253 0.03125
6 0.10076177285318559 0.8619791666666666 0.01731301939058172 0.03229166666666667
6 0.03358725761772853 0.8213541666666667 0.02146814404432133 0.034375
6 0.03220221606648199 0.8880208333333334 0.01731301939058172 0.03854166666666667
6 0.41066481994459836 0.9036458333333334 0.015235457063711912 0.034375
6 0.48961218836565096 0.025520833333333333 0.018005540166204988 0.03854166666666667
6 0.21641274238227146 0.04583333333333333 0.01592797783933518 0.027083333333333334
6 0.25415512465373963 0.05416666666666667 0.012465373961218837 0.025
6 0.3064404432132964 0.2640625 0.007617728531855956 0.021875
6 0.2579639889196676 0.3 0.011772853185595568 0.025