6 0.3729224376731302 0.353125 0.018698060941828253 0.029166666666666667
6 0.2787396121883656 0.5458333333333333 0.014542936288088643 0.020833333333333332
6 0.125 0.6796875 0.02008310249307479 0.028125
6 0.24480609418282548 0.03229166666666667 0.02146814404432133 0.03125
6 0.8621883656509696 0.5692708333333333 0.024930747922437674 0.034375
6 0.881578947368421 0.865625 0.015235457063711912 0.03333333333333333
6 0.9598337950138505 0.8260416666666667 0.015235457063711912 0.03125
6 0.9591412742382271 0.8880208333333334 0.01662049861495845 0.040625
6 0.7635041551246537 0.5921875 0.01592797783933518 0.03854166666666667
6 0.5155817174515236 0.7151041666666667 0.013157894736842105 0.017708333333333333
6 0.5519390581717452 0.9083333333333333 0.01662049861495845 0.03333333333333333
6 0.7119113573407202 0.09739583333333333 0.013850415512465374 0.023958333333333335
6 0.7548476454293629 0.08177083333333333 0.019390581717451522 0.028125
6 0.8230609418282548 0.028645833333333332 0.01592797783933518 0.03229166666666667
6 0.46710526315789475 0.09895833333333333 0.024238227146814405 0.03333333333333333
6 0.659972299168975 0.30104166666666665 0.015235457063711912 0.025
6 0.8833102493074793 0.31614583333333335 0.02146814404432133 0.03229166666666667
6 0.9875346260387812 0.6859375 0.013850415512465374 0.023958333333333335
6 0.4664127423822715 0.19791666666666666 0.013157894736842105 0.022916666666666665
6 0.39958448753462605 0.0234375 0.018005540166204988 0.019791666666666666